4294967279,92
4294967279,91
4294967279,90
4294967279,89
4294967279,87
4294967279,86
4294967279,85
4294967279,84
4294967279,83
4294967279,82
4294967279,81
4294967279,80
4294967279,79
4294967279,78
4294967279,77
4294967279,76
4294967279,75
4294967279,74
4294967279,73
4294967279,72
4294967279,71
4294967279,70
4294967279,69
4294967279,68
4294967279,67
4294967279,66
4294967279,65
4294967279,64
4294967279,63
4294967279,62
4294967279,61
4294967279,60
4294967279,59
4294967279,58
4294967279,57
4294967279,56
4294967279,55
4294967279,54
4294967279,53
4294967279,52
4294967279,51
4294967278,277
4294967278,35
4294967278,34
4294967278,33
4294967278,32
4294967278,31
4294967278,30
4294967278,29
4294967278,28
4294967278,27
4294967278,25
4294967278,24
4294967278,22
4294967278,21
4294967278,20
4294967278,273
4294967278,19
4294967278,17
4294967278,283
4294967278,16
4294967278,267
4294967278,15
4294967278,14
4294967278,281
4294967278,13
4294967278,12
4294967278,11
4294967278,279
4294967278,10
4294967278,262
4294967278,9
4294967278,8
4294967278,7
4294967278,6
4294967278,5
4294967278,4
4294967279,257
4294967279,129
4294967279,256
4294967279,126
4294967279,124
4294967279,252
4294967279,123
4294967279,251
4294967279,122
4294967279,121
4294967279,120
4294967279,247
4294967279,119
4294967279,245
4294967279,118
4294967279,243
4294967279,117
4294967279,116
4294967279,115
4294967279,114
4294967279,113
4294967279,112
4294967279,111
4294967279,110
4294967279,229
4294967279,109
4294967279,227
4294967279,108
4294967279,107
4294967279,106
4294967279,105
4294967279,104
4294967279,217
4294967279,103
4294967279,102
4294967279,101
4294967279,100
4294967279,99
4294967279,98
4294967279,97
4294967279,96
4294967279,95
4294967279,94
4294967279,93
4294967279,25
4294967279,24
4294967279,21
4294967279,20
4294967279,16
4294967279,15
4294967279,288
4294967279,14
4294967279,268
4294967279,12
4294967278,139
4294967278,26
4294967278,276
4294967279,137
4294967278,136
4294967294,1085
4294967294,422
4294967294,1079
4294967294,1066
4294967294,1155
4294967294,12
4294967278,23
4294967278,275
4294967279,23
4294967279,276
4294967278,134
4294967278,133
4294967278,272
4294967278,271
4294967279,274
4294967278,18
4294967279,18
4294967278,269
4294967279,272
4294967278,268
4294967279,271
4294967278,282
4294967279,270
4294967278,266
4294967279,269
4294967278,265
4294967279,287
4294967278,280
4294967279,267
4294967278,264
4294967279,266
4294967278,263
4294967279,265
4294967278,278
4294967278,261
4294967279,263
4294967278,259
4294967279,262
4294967278,258
4294967279,284
4294967278,257
4294967279,259
4294967279,258
4294967278,359
4294967279,425
4294967279,132
4294967279,424
4294967279,131
4294967278,358
4294967279,423
4294967279,130
4294967278,357
4294967278,356
4294967279,422
4294967279,128
4294967278,355
4294967279,421
4294967279,127
4294967279,255
4294967278,354
4294967279,420
4294967279,125
4294967278,254
4294967279,254
4294967278,253
4294967279,253
4294967278,252
4294967279,250
4294967278,250
4294967278,245
4294967278,243
4294967278,240
4294967278,238
4294967278,239
4294967278,237
4294967278,353
4294967279,419
4294967278,232
32,5
4294967278,230
32,4
32,3
32,2
32,1
4294967278,228
4294967278,222
4294967278,223
4294967278,220
4294967278,218
4294967278,216
4294967294,1087
4294967278,214
4294967279,418
4294967278,352
4294967278,210
4294967279,417
4294967278,209
4294967278,351
4294967278,208
4294967279,416
4294967278,350
4294967278,205
30,6
30,5
4294967278,204
30,4
30,3
30,2
30,1
4294967279,415
4294967278,203
4294967278,349
4294967279,414
4294967278,199
4294967294,38
4294967294,36
4294967278,198
4294967279,413
4294967278,197
4294967278,348
4294967279,412
4294967278,194
4294967278,191
4294967278,193
4294967278,192
4294967278,347
4294967278,346
4294967294,40
4294967278,190
4294967279,411
4294967279,410
4294967278,189
4294967278,186
4294967279,409
4294967278,345
4294967278,344
4294967278,185
4294967278,184
4294967278,183
4294967278,182
4294967278,181
27,4
4294967278,180
27,3
27,2
27,1
4294967278,343
4294967278,179
4294967278,176
4294967279,408
4294967278,342
4294967278,341
26,5
4294967278,175
4294967278,173
26,4
26,3
26,2
26,1
4294967279,407
4294967278,172
4294967278,171
4294967278,170
4294967278,340
4294967279,406
4294967278,169
25,5
4294967278,167
25,4
4294967278,166
25,3
25,2
25,1
4294967278,339
4294967278,165
4294967278,164
24,4
4294967278,163
24,3
24,2
24,1
4294967294,409
4294967294,395
4294967294,399
4294967294,179
4294967294,385
4294967294,178
4294967294,1243
4294967294,407
4294967294,415
4294967294,599
4294967294,167
4294967294,175
4294967294,112
4294967294,455
4294967278,162
4294967278,161
4294967279,405
4294967279,404
4294967278,160
23,5
4294967278,158
23,4
4294967278,157
23,3
23,2
23,1
4294967278,338
4294967278,156
4294967278,155
4294967278,154
22,4
22,3
22,2
22,1
4294967279,403
4294967294,1241
4294967278,153
4294967294,439
4294967294,392
4294967294,115
4294967278,152
21,4
21,3
21,2
21,1
4294967279,402
4294967294,1160
4294967294,1078
4294967279,401
20,6
4294967294,388
4294967279,400
4294967278,337
20,5
20,4
20,3
20,2
20,1
4294967279,399
19,4
19,3
19,2
